1619121467.2046173
1619121467.2047842
1619121467.2049396
1619121467.205062
1619121467.704409
1619121473.3629558
1619121473.363108
1619121473.3631995
1619121473.3632898
1619121473.689593
1619121477.8221178
1619121477.822217
1619121477.822377
1619121477.8224912
1619121478.0749226
1619121481.4744697
1619121481.4745688
1619121481.4746618
1619121481.4747527
1619121481.6940224
1619121484.6392667
1619121484.639401
1619121484.6395023
1619121484.6396267
1619121484.8337831
1619121487.4672105
1619121487.467347
1619121487.467461
1619121487.4675515
1619121487.6497803
1619121490.2462087
1619121490.2463298
1619121490.246463
1619121490.2465959
1619121490.4233985
1619121493.0195024
1619121493.0196457
1619121493.0197778
1619121493.0199115
1619121493.1982925
1619121495.7872357
1619121495.7873757
1619121495.7874866
1619121495.7876182
1619121495.9645104
1619121498.5471442
1619121498.547285
1619121498.5474188
1619121498.5475307
1619121498.7292976
1619121501.3227355
1619121501.3228757
1619121501.3230126
1619121501.3231487
1619121501.5016878
1619121504.098976
1619121504.0990782
1619121504.099171
1619121504.0993052
1619121504.2783897
1619121506.8682685
1619121506.8684676
1619121506.8685613
1619121506.8686764
1619121507.0443256
1619121509.6327896
1619121509.6328912
1619121509.6330054
1619121509.6330996
1619121509.8126395
1619121512.402551
1619121512.4026504
1619121512.4027941
1619121512.4029415
1619121512.5806136
1619121515.1793606
1619121515.1795127
1619121515.1796288
1619121515.1797214
1619121515.359416
1619121743.5835612
1619121743.5838697
1619121743.5839634
1619121743.5840545
1619121743.9188693
1619121747.7200975
1619121747.7201986
1619121747.7202904
1619121747.7204123
1619121747.9316652
1619121750.8895197
1619121750.8896284
1619121750.8897257
1619121750.8898242
1619121751.0699925
1619121753.6306028
1619121753.630725
1619121753.6308396
1619121753.630934
1619121753.7955759
1619121756.3283002
1619121756.3284419
1619121756.328589
1619121756.3286805
1619121756.495589
1619121759.0192804
1619121759.019434
1619121759.0195289
1619121759.019624
1619121759.1843028
1619121761.6756325
1619121761.675774
1619121761.6758828
1619121761.6759915
1619121761.8416257
1619121764.3291233
1619121764.3292673
1619121764.329403
1619121764.3295362
1619121764.493121
1619121767.0079098
1619121767.008034
1619121767.0081263
1619121767.00827
1619121767.1743135
1619121769.6970356
1619121769.6971889
1619121769.6973166
1619121769.6974208
1619121769.8631496
1619121772.3634243
1619121772.363525
1619121772.3636165
1619121772.36374
1619121772.5296068
1619121775.0242324
1619121775.024368
1619121775.0244608
1619121775.0245552
1619121775.1910655
1619121777.7250655
1619121777.7251668
1619121777.7252588
1619121777.7253506
1619121777.8919024
1619121780.4129887
1619121780.413158
1619121780.4132497
1619121780.4133413
1619121780.5779922
1619121783.0763228
1619121783.0764234
1619121783.076519
1619121783.0766096
1619121783.2409208
1619121785.7349687
1619121785.7351055
1619121785.735252
1619121785.7353444
1619121785.9008663
1619121788.428813
1619121788.428966
1619121788.4290595
1619121788.4291546
1619121788.59578
1619121791.1093488
1619121791.1095026
1619121791.1096487
1619121791.1097395
1619121791.2752848
1619121793.7643282
1619121793.7644427
1619121793.7645357
1619121793.764626
1619121793.932601
1619121796.4813588
1619121796.481481
1619121796.4815967
1619121796.4816895
1619121796.6550565
1619122630.067198
1619122630.0673184
1619122630.0674105
1619122630.0675018
1619122632.2856736
1619122654.8459349
1619122654.8460817
1619122654.8462155
1619122654.8463483
1619122655.78341
1619123077.0464985
1619123077.0466692
1619123077.0467792
1619123077.046935
1619123077.2180474
1619123079.7797441
1619123079.77986
1619123079.7799683
1619123079.7800746
1619123079.9436536
1619123082.482008
1619123082.482149
1619123082.482322
1619123082.4824138
1619123082.6481974
1619123085.1671388
1619123085.167268
1619123085.1674092
1619123085.1675012
1619123085.3324301
1619123087.8779707
1619123087.8780868
1619123087.8782272
1619123087.8783712
1619123088.0471566
1619123885.1943297
1619123885.1944492
1619123885.1945708
1619123885.1946766
1619123887.868821
1619124239.5461144
1619124239.546233
1619124239.5463521
1619124239.5464926
1619124239.7203069
1619124242.3307738
1619124242.3308752
1619124242.3309684
1619124242.3311536
1619124242.5010064
1619124245.090906
1619124245.09129
1619124245.0914319
1619124245.0915225
1619124245.264003
1619124247.8450813
1619124247.845231
1619124247.8453221
1619124247.8454125
1619124248.015832
1619124250.578016
1619124250.5781674
1619124250.5783048
1619124250.5784898
1619124250.7476666
1619124253.3096707
1619124253.3098302
1619124253.3100152
1619124253.31023
1619124253.4823492
1619124256.1238804
1619124256.1240091
1619124256.124114
1619124256.1242054
1619124256.2995136
1619124258.9589648
1619124258.9591746
1619124258.9593167
1619124258.9594247
1619124259.1362414
1619124261.8443673
1619124261.8444974
1619124261.8446171
1619124261.8447492
1619124262.0251045
1619124422.7391322
1619124422.7392604
1619124422.739402
1619124422.73976
1619124423.0747561
1619124783.5848513
1619124783.584968
1619124783.5851026
1619124783.5852072
1619124785.8880072
1619124947.3941374
1619124947.3942466
1619124947.394364
1619124947.3945243
1619124949.251117
1619125004.7883735
1619125004.7885175
1619125004.788704
1619125004.7888439
1619125005.738204
1619125045.0128467
1619125045.012996
1619125045.0131345
1619125045.0132482
1619125045.1884484
1619125047.931864
1619125047.9319916
1619125047.932114
1619125047.9322326
1619125048.104919
1619125050.716941
1619125050.7170641
1619125050.7171812
1619125050.7172966
1619125050.8871026
1619125364.7399127
1619125364.7400455
1619125364.740167
1619125364.7403154
1619125364.9140182
1619125367.523624
1619125367.5237393
1619125367.5238538
1619125367.5239456
1619125367.6977196
1619125370.3271914
1619125370.3273041
1619125370.3273969
1619125370.3274875
1619125370.4999456
1619125373.0740502
1619125373.0741508
1619125373.0742583
1619125373.074352
1619125373.243643
1619125375.795894
1619125375.7959938
1619125375.796085
1619125375.7961748
1619125375.9662743
1619125378.518981
1619125378.519083
1619125378.5191743
1619125378.5193198
1619125378.6915612
1619125381.2733095
1619125381.2734613
1619125381.2735937
1619125381.2737217
1619125381.4435873
1619125383.9938679
1619125383.9940085
1619125383.9941003
1619125383.99419
1619125384.1625156
1619125386.706496
1619125386.7066462
1619125386.706738
1619125386.706829
1619125386.8779745
1619125389.4477658
1619125389.4478803
1619125389.4480238
1619125389.4481153
1619125389.620697
1619125392.2357697
1619125392.2359238
1619125392.236016
1619125392.2361064
1619125392.4078655
1619125395.0151815
1619125395.015298
1619125395.0154061
1619125395.0154967
1619125395.1876943
1619125397.798923
1619125397.7990737
1619125397.7991655
1619125397.7993517
1619125397.971814
1619125400.6273103
1619125400.6274464
1619125400.6275384
1619125400.6276295
1619125400.806268
1619125403.48381
1619125403.4839122
1619125403.4840248
1619125403.4841185
1619125403.6596673
1619125406.2959294
1619125406.29603
1619125406.2961216
1619125406.2962112
1619125406.4723911
1619125409.1088433
1619125409.1089995
1619125409.1090918
1619125409.1091824
1619125409.2850378
1619125411.9139237
1619125411.9140246
1619125411.9141154
1619125411.9142354
1619125412.091906
1619125414.703226
1619125414.703329
1619125414.7034578
1619125414.7035515
1619125414.876364
1619125417.4349895
1619125417.4351113
1619125417.4352295
1619125417.4354222
1619125417.6046622
1619125420.1521118
1619125420.1523018
1619125420.152393
1619125420.152549
1619125420.3218374
1619125422.8778057
1619125422.8779783
1619125422.8781085
1619125422.8782973
1619125423.048036
1619125425.5994549
1619125425.5995533
1619125425.5996716
1619125425.5998101
1619125425.7703202
1619125428.2826276
1619125428.2827282
1619125428.2828207
1619125428.2829795
1619125428.4487247
1619125430.9629507
1619125430.9631047
1619125430.96322
1619125430.9633112
1619125431.1307716
1619125433.6665833
1619125433.6666837
1619125433.6668305
1619125433.6669211
1619125433.8370433
1619125436.397269
1619125436.3973947
1619125436.3975122
1619125436.3976283
1619125436.5690486
1619125439.1549377
1619125439.1550553
1619125439.155147
1619125439.155238
1619125439.3304565
1619125441.9744947
1619125441.9745963
1619125441.9746873
1619125441.9748235
1619125442.150995
1619125444.8428988
1619125444.8430007
1619125444.8430917
1619125444.8432145
1619125445.0232882
1619125447.71722
1619125447.7173195
1619125447.7174246
1619125447.7175145
1619125447.8950398
1619125450.5667055
1619125450.566822
1619125450.566912
1619125450.567054
1619125450.7469857
1619125453.4190445
1619125453.4192119
1619125453.4193065
1619125453.4193964
1619125453.5978284
1619126037.0192297
1619126037.019392
1619126037.0195925
1619126037.0196843
1619126037.2060144
1619126208.3375592
1619126208.3376887
1619126208.337833
1619126208.3379235
1619126210.3245783
1619126242.511475
1619126242.5116448
1619126242.5117376
1619126242.5118802
1619126244.6255536
1619126709.8281257
1619126709.8283093
1619126709.8284404
1619126709.828587
1619126709.997771
1619126712.5678768
1619126712.5679967
1619126712.5681043
1619126712.5682745
1619126712.7395365
1619126715.3009157
1619126715.301017
1619126715.3011088
1619126715.3012502
1619126715.4702752
1619126718.0036755
1619126718.003774
1619126718.0039077
1619126718.0040865
1619126718.1712081
1619126720.7048748
1619126720.7049937
1619126720.7051015
1619126720.7051916
1619126720.871286
1619126723.443333
1619126723.4434576
1619126723.443578
1619126723.4436688
1619126723.6125548
1619126726.2363825
1619126726.236483
1619126726.2366261
1619126726.2367167
1619126726.4161036
1619126729.1973598
1619126729.1974874
1619126729.1976516
1619126729.1977558
1619126729.3960788
1619127028.7568812
1619127028.7570236
1619127028.7571166
1619127028.7572355
1619127028.9435067
1619127196.6097267
1619127196.609867
1619127196.6099596
1619127196.6100516
1619127197.9905074
1619127219.9612436
1619127219.96143
1619127219.9615233
1619127219.9616647
1619127221.581201
1619127723.9357831
1619127723.936155
1619127723.9362593
1619127723.9363806
1619127724.5292006
1619127746.2517743
1619127746.2518787
1619127746.2520652
1619127746.2521563
1619127746.4355717
1619127749.187309
1619127749.1874094
1619127749.1875007
1619127749.1875918
1619127749.3710396
1619127752.0506618
1619127752.050816
1619127752.0509632
1619127752.051077
1619127752.22941
1619127754.884059
1619127754.8841608
1619127754.8842888
1619127754.8843803
1619127755.064762
1619127757.7208138
1619127757.7209644
1619127757.7211099
1619127757.7212012
1619127757.8998973
1619127760.5856838
1619127760.585785
1619127760.5858762
1619127760.5859675
1619127760.7672412
1619127763.4304519
1619127763.430599
1619127763.4307432
1619127763.4308875
1619127763.6107278
1619127766.278922
1619127766.2790205
1619127766.279167
1619127766.2792578
1619127766.463082
1619127769.139013
1619127769.1391659
1619127769.139316
1619127769.1394594
1619127769.3222857
1619127772.058869
1619127772.0590227
1619127772.0591385
1619127772.059287
1619127772.2498443
1619127774.9697185
1619127774.9698405
1619127774.9699328
1619127774.9700603
1619127775.1571834
1619127777.8849237
1619127777.8850248
1619127777.885152
1619127777.8852942
1619127778.0768638
1619127780.8134155
1619127780.8135304
1619127780.813621
1619127780.8137653
1619127781.001919
1619127783.7646246
1619127783.7647536
1619127783.7648752
1619127783.7650166
1619127783.9526663
1619127786.6218615
1619127786.622018
1619127786.622133
1619127786.6222236
1619127786.8022792
1619127789.4369688
1619127789.4370701
1619127789.4372134
1619127789.437341
1619127789.6153543
1619127792.2272215
1619127792.2273567
1619127792.2274485
1619127792.2275624
1619127792.4051158
1619127795.0739574
1619127795.07406
1619127795.074186
1619127795.0742786
1619127795.2515523
1619127797.8495193
1619127797.8496194
1619127797.8497643
1619127797.8498778
1619127798.0245326
1619127800.6100361
1619127800.6102448
1619127800.6103363
1619127800.610426
1619127800.785071
1619127803.3618314
1619127803.3619342
1619127803.3620768
1619127803.3621678
1619127803.5394065
1619127806.1640651
1619127806.164167
1619127806.1642578
1619127806.1643481
1619127806.339517
1619127808.913121
1619127808.9132915
1619127808.913384
1619127808.9134743
1619127809.0881493
1619127811.657213
1619127811.657313
1619127811.6574397
1619127811.6575317
1619127811.8324757
1619127814.4006865
1619127814.4007878
1619127814.4008825
1619127814.4009738
1619127814.583687
1619127817.198736
1619127817.1988878
1619127817.1989892
1619127817.1990798
1619127817.375988
1619127819.9494472
1619127819.9496026
1619127819.9496946
1619127819.949821
1619127820.1239035
1619127822.6911774
1619127822.6913316
1619127822.6914234
1619127822.6915731
1619127822.866473
1619127825.4305875
1619127825.4307432
1619127825.4308586
1619127825.4309866
1619127825.6114433
1619127828.2271647
1619127828.2272675
1619127828.2273595
1619127828.2274501
1619127828.4056602
1619127831.0188496
1619127831.0190012
1619127831.019152
1619127831.0192444
1619127831.1981125
1619127833.8572884
1619127833.8573906
1619127833.8575199
1619127833.8576102
1619127834.0382373
1619127836.7375498
1619127836.7376876
1619127836.7377794
1619127836.7378697
1619127836.924368
1619127839.6505685
1619127839.650721
1619127839.650813
1619127839.6509593
1619127839.8346024
1619127842.5379357
1619127842.538089
1619127842.5381927
1619127842.538318
1619127842.7205656
1619127845.440012
1619127845.4401126
1619127845.4402041
1619127845.440294
1619127845.623966
1619128561.1816127
1619128561.1817682
1619128561.1819124
1619128561.1820037
1619128561.3771493
1619128634.788808
1619128634.7889125
1619128634.789008
1619128634.7890987
1619128635.6709397
1619128649.5747812
1619128649.5748818
1619128649.5749872
1619128649.5750778
1619128650.4701264
1619129192.7443807
1619129192.7445016
1619129192.7446358
1619129192.7447457
1619129193.632475
1619129290.1178138
1619129290.117919
1619129290.1180446
1619129290.1181722
1619129291.1210747
1619129305.5509913
1619129305.551164
1619129305.551291
1619129305.5514343
1619129306.703763
1619129325.0958583
1619129325.095997
1619129325.09609
1619129325.0962327
1619129326.4503398
1619129347.2572849
1619129347.2573864
1619129347.2574806
1619129347.2575722
1619129348.9057894
1619129364.5885284
1619129364.5886896
1619129364.5887845
1619129364.588931
1619129365.4810908
1619129394.4130123
1619129394.41317
1619129394.413263
1619129394.4133961
1619129394.9013858
1619129401.4274833
1619129401.4276009
1619129401.427693
1619129401.4277833
1619129401.8549557
1619129408.0225494
1619129408.0227056
1619129408.0227976
1619129408.0228884
1619129408.4381614
1619129414.7474432
1619129414.7475746
1619129414.7477286
1619129414.7478456
1619129415.143559
1619129420.2337906
1619129420.2339041
1619129420.23404
1619129420.2341306
1619129420.5684323
1619129425.4657028
1619129425.4658594
1619129425.4659524
1619129425.4660802
1619129425.810956
1619129430.760117
1619129430.7602699
1619129430.760363
1619129430.7605088
1619129431.0884807
1619129436.074095
1619129436.0742283
1619129436.0743568
1619129436.074448
1619129436.4111104
1619129441.4304793
1619129441.430647
1619129441.430758
1619129441.4309158
1619129441.7732575
1619129446.425441
1619129446.4256377
1619129446.4257312
1619129446.4258516
1619129446.7270372
1619129451.2425761
1619129451.242732
1619129451.2428234
1619129451.242967
1619129451.545961
1619129456.2793005
1619129456.2794263
1619129456.2795978
1619129456.279742
1619129456.6146731
1619129461.4310205
1619129461.4311728
1619129461.4312642
1619129461.4313784
1619129461.7515109
1619129466.4162245
1619129466.416362
1619129466.4164543
1619129466.4165688
1619129466.737643
1619129471.2568865
1619129471.2570233
1619129471.2571802
1619129471.2572715
1619129471.563228
1619129476.2940671
1619129476.2941694
1619129476.29426
1619129476.2944024
1619129476.6530664
1619129500.3566191
1619129500.3567355
1619129500.3568606
1619129500.3569744
1619129500.789972
1619129505.8906102
1619129505.8907127
1619129505.8908691
1619129505.8909612
1619129506.2452345
1619129511.0110097
1619129511.0111642
1619129511.011257
1619129511.0113473
1619129511.3359437
1619129515.9109378
1619129515.911171
1619129515.9113138
1619129515.9114048
1619129516.1971362
1619129520.4554539
1619129520.455578
1619129520.4556735
1619129520.4557645
1619129520.7609477
1619129525.3289058
1619129525.3290584
1619129525.329151
1619129525.329253
1619129525.6467302
1619129529.8650498
1619129529.8651514
1619129529.8652604
1619129529.8654013
1619129530.1467855
1619129534.3140433
1619129534.3141444
1619129534.3142715
1619129534.3143628
1619129534.5851257
1619129538.489333
1619129538.4894872
1619129538.489632
1619129538.4897761
1619129538.7474062
1619129542.5645218
1619129542.5646758
1619129542.5647686
1619129542.564906
1619129542.824155
1619129546.5849793
1619129546.585082
1619129546.5852098
1619129546.5853007
1619129546.843365
1619129550.7083347
1619129550.7084892
1619129550.7086325
1619129550.7087266
1619129550.971959
1619129554.8024843
1619129554.8025866
1619129554.8026981
1619129554.80279
1619129555.069451
1619129558.9992638
1619129558.9994192
1619129558.9995131
1619129558.999604
1619129559.2744672
1619129563.1621025
1619129563.1622024
1619129563.1622932
1619129563.1624403
1619129563.436286
1619129567.6389892
1619129567.6391442
1619129567.6392865
1619129567.6393776
1619129567.9398022
1619129572.0782158
1619129572.0783298
1619129572.0784225
1619129572.0785484
1619129572.3633394
1619129576.3163137
1619129576.316415
1619129576.3165426
1619129576.3166327
1619129576.588171
1619129580.350789
1619129580.3508904
1619129580.350982
1619129580.3511245
1619129580.6115203
1619129584.4912832
1619129584.491385
1619129584.491535
1619129584.4916627
1619129584.765223
1619129588.5510952
1619129588.5512621
1619129588.5514352
1619129588.5515492
1619129588.8084702
1619129592.6088774
1619129592.609013
1619129592.609146
1619129592.6092894
1619129592.8604233
1619129596.6089869
1619129596.609088
1619129596.6092162
1619129596.6093876
1619129596.865266
1619129600.8313937
1619129600.8314958
1619129600.8316534
1619129600.8318088
1619129601.091097
1619129604.9391158
1619129604.939258
1619129604.9394171
1619129604.939532
1619129605.2002285
1619129609.097816
1619129609.0979714
1619129609.0980637
1619129609.0981543
1619129609.3631961
1619129613.1719284
1619129613.1720302
1619129613.1722019
1619129613.1722932
1619129613.4419355
1619129617.3628922
1619129617.3630602
1619129617.3631546
1619129617.3632963
1619129617.62784
1619129621.4211533
1619129621.4212925
1619129621.4214356
1619129621.4215264
1619129621.6844635
1619129625.5189412
1619129625.5191102
1619129625.5192034
1619129625.5192938
1619129625.7873385
1619129629.5627928
1619129629.562895
1619129629.5630393
1619129629.5631526
1619129629.860525
1619129633.7337525
1619129633.7338681
1619129633.7339592
1619129633.7340667
1619129634.001363
1619129637.7775898
1619129637.7777436
1619129637.7778366
1619129637.7779279
1619129638.0431342
1619129641.8782513
1619129641.8784046
1619129641.87852
1619129641.8786335
1619129642.1330628
1619129645.9106452
1619129645.9107978
1619129645.9108894
1619129645.9109795
1619129646.1854134
1619129650.0249746
1619129650.0251136
1619129650.025242
1619129650.0253327
1619129650.295654
1619129654.0351918
1619129654.0353441
1619129654.0354366
1619129654.0355272
1619129654.2950833
1619129658.0641437
1619129658.064245
1619129658.064373
1619129658.064466
1619129658.318698
1619129662.1201427
1619129662.1202445
1619129662.1204033
1619129662.1204932
1619129662.3847945
1619129666.2015903
1619129666.2016947
1619129666.2018378
1619129666.2019522
1619129666.4503345
1619129670.1417203
1619129670.1418214
1619129670.1419659
1619129670.1421137
1619129670.3898191
1619129674.1028445
1619129674.1029828
1619129674.1031275
1619129674.1032178
1619129674.3587694
1619129678.059315
1619129678.0594757
1619129678.0595906
1619129678.059704
1619129678.329848
1619129682.0616598
1619129682.0618172
1619129682.061932
1619129682.0620477
1619129682.3099008
1619129685.958745
1619129685.958848
1619129685.9589398
1619129685.9590325
1619129686.2150705
1619129689.8998058
1619129689.8999574
1619129689.9000497
1619129689.9001908
1619129690.1553779
1619129693.8561459
1619129693.8562489
1619129693.8563392
1619129693.856429
1619129694.1171024
1619131287.7121248
1619131287.7122526
1619131287.7123675
1619131287.7124836
1619131287.9518013
1619131291.561045
1619131291.5611458
1619131291.561238
1619131291.561394
1619131291.7995608
1619131295.337498
1619131295.337645
1619131295.337781
1619131295.3379154
1619131295.572905
1619275877.513491
1619275877.5136473
1619275877.513795
1619275877.513938
1619275877.8315918
1619276065.862888
1619276065.8630443
1619276065.863141
1619276065.86327
1619276066.8040705
1619276081.3233838
1619276081.323508
1619276081.3236656
1619276081.3237753
1619276303.5983946
1619276307.1985085
1619276307.1986115
1619276307.1987412
1619276307.1988335
1619276307.4732454
1619276311.0585163
1619276311.0586183
1619276311.058749
1619276311.0588403
1619276311.3284347
1619276314.8539305
1619276314.8540332
1619276314.8541257
1619276314.8542407
1619276315.1352968
1619276318.6891139
1619276318.6892176
1619276318.6893106
1619276318.6894026
1619276318.975743
1619276323.128119
1619276323.1282353
1619276323.128328
1619276323.1284423
1619276323.4849234
1619276719.138266
1619276719.1384354
1619276719.1385458
1619276719.138654
1619276719.426975
1619276790.9707646
1619276790.97089
1619276790.9710255
1619276790.9711676
1619276791.9448187
1619276805.7513754
1619276805.7514904
1619276805.751582
1619276805.7516723
1619276806.8151693
1619277014.7657065
1619277014.7658627
1619277014.7659853
1619277014.766076
1619277015.0867271
1619277019.149511
1619277019.1496427
1619277019.1497352
1619277019.1498263
1619277019.489599
1619277023.5772173
1619277023.5773394
1619277023.5774474
1619277023.577555
1619277023.8934457
1619277027.8454444
1619277027.845563
1619277027.84567
1619277027.8457785
1619277028.1562076
1619277032.348865
1619277032.348969
1619277032.3491035
1619277032.3492086
1619277094.613272
1619277098.4111536
1619277098.4113226
1619277098.4114952
1619277098.4115891
1619277098.7058284
1619277102.552269
1619277102.552394
1619277102.552487
1619277102.5526078
1619277102.8495624
1619277106.7942634
1619277106.79438
1619277106.7945127
1619277106.7946212
1619277107.1072798
1619277111.2605956
1619277111.2607756
1619277111.2608674
1619277111.2609577
1619277111.5731876
1619277236.9422112
1619277236.942315
1619277236.9424071
1619277236.9425776
1619277237.2521634
1619277372.5345776
1619277372.5347335
1619277372.5348265
1619277372.5349698
1619277373.4817479
1619277385.156172
1619277385.1563432
1619277385.15649
1619277385.1566072
1619277386.0952337
1619277631.8343153
1619277631.8344674
1619277631.8346102
1619277631.8348427
1619277632.135792
1619277635.9875433
1619277635.9876974
1619277635.9877892
1619277635.9879549
1619277636.293323
1619277640.0803664
1619277640.0805452
1619277640.0806386
1619277640.080729
1619277640.370867
1619277644.028365
1619277644.0284665
1619277644.0285578
1619277644.0286486
1619277644.320944
1619277667.3599207
1619277667.3600538
1619277667.3601916
1619277667.3603497
1619277667.6480584
1619277671.2838159
1619277671.2839887
1619277671.2840815
1619277671.284224
1619277671.5713594
1619277675.2274172
1619277675.2275746
1619277675.2277074
1619277675.2277997
1619277675.5160618
1619277679.1676238
1619277679.1677427
1619277679.1678753
1619277679.1680076
1619277679.4686196
1619277683.2388399
1619277683.2389417
1619277683.2390325
1619277683.239126
1619277683.5295272
1619277687.167946
1619277687.1680465
1619277687.168138
1619277687.1682646
1619277687.4533134
1619277691.1102743
1619277691.1103745
1619277691.1105196
1619277691.1106102
1619277691.3992126
1619277695.0623922
1619277695.0625296
1619277695.0626209
1619277695.0627637
1619277695.355868
1619277699.1363318
1619277699.136433
1619277699.1366026
1619277699.136717
1619277699.423106
1619277807.244127
1619277807.2442923
1619277807.244385
1619277807.2447894
1619277807.5236704
1619277874.43714
1619277874.4372945
1619277874.437388
1619277874.43753
1619277875.4210918
1619277885.4317164
1619277885.4318569
1619277885.4319491
1619277885.4320683
1619277886.1189358
