1619121467.2046173
1619121473.3629558
1619121477.8221178
1619121481.4744697
1619121484.6392667
1619121487.4672105
1619121490.2462087
1619121493.0195024
1619121495.7872357
1619121498.5471442
1619121501.3227355
1619121504.098976
1619121506.8682685
1619121509.6327896
1619121512.402551
1619121515.1793606
1619121743.5835612
1619121747.7200975
1619121750.8895197
1619121753.6306028
1619121756.3283002
1619121759.0192804
1619121761.6756325
1619121764.3291233
1619121767.0079098
1619121769.6970356
1619121772.3634243
1619121775.0242324
1619121777.7250655
1619121780.4129887
1619121783.0763228
1619121785.7349687
1619121788.428813
1619121791.1093488
1619121793.7643282
1619121796.4813588
1619122630.067198
1619122632.2856736
1619122654.8459349
1619123077.0464985
1619123079.7797441
1619123082.482008
1619123085.1671388
1619123087.8779707
1619123885.1943297
1619123887.868821
1619124239.5461144
1619124242.3307738
1619124245.090906
1619124247.8450813
1619124250.578016
1619124253.3096707
1619124256.1238804
1619124258.9589648
1619124261.8443673
1619124422.7391322
1619124783.5848513
1619124785.8880072
1619124947.3941374
1619124949.251117
1619125004.7883735
1619125045.0128467
1619125047.931864
1619125050.716941
1619125364.7399127
1619125367.523624
1619125370.3271914
1619125373.0740502
1619125375.795894
1619125378.518981
1619125381.2733095
1619125383.9938679
1619125386.706496
1619125389.4477658
1619125392.2357697
1619125395.0151815
1619125397.798923
1619125400.6273103
1619125403.48381
1619125406.2959294
1619125409.1088433
1619125411.9139237
1619125414.703226
1619125417.4349895
1619125420.1521118
1619125422.8778057
1619125425.5994549
1619125428.2826276
1619125430.9629507
1619125433.6665833
1619125436.397269
1619125439.1549377
1619125441.9744947
1619125444.8428988
1619125447.71722
1619125450.5667055
1619125453.4190445
1619126037.0192297
1619126208.3375592
1619126210.3245783
1619126242.511475
1619126244.6255536
1619126709.8281257
1619126712.5678768
1619126715.3009157
1619126718.0036755
1619126720.7048748
1619126723.443333
1619126726.2363825
1619126729.1973598
1619127028.7568812
1619127196.6097267
1619127197.9905074
1619127219.9612436
1619127221.581201
1619127723.9357831
1619127746.2517743
1619127749.187309
1619127752.0506618
1619127754.884059
1619127757.7208138
1619127760.5856838
1619127763.4304519
1619127766.278922
1619127769.139013
1619127772.058869
1619127774.9697185
1619127777.8849237
1619127780.8134155
1619127783.7646246
1619127786.6218615
1619127789.4369688
1619127792.2272215
1619127795.0739574
1619127797.8495193
1619127800.6100361
1619127803.3618314
1619127806.1640651
1619127808.913121
1619127811.657213
1619127814.4006865
1619127817.198736
1619127819.9494472
1619127822.6911774
1619127825.4305875
1619127828.2271647
1619127831.0188496
1619127833.8572884
1619127836.7375498
1619127839.6505685
1619127842.5379357
1619127845.440012
1619128561.1816127
1619128634.788808
1619128649.5747812
1619129192.7443807
1619129290.1178138
1619129291.1210747
1619129305.5509913
1619129306.703763
1619129325.0958583
1619129326.4503398
1619129347.2572849
1619129348.9057894
1619129364.5885284
1619129394.4130123
1619129401.4274833
1619129408.0225494
1619129414.7474432
1619129420.2337906
1619129425.4657028
1619129430.760117
1619129436.074095
1619129441.4304793
1619129446.425441
1619129451.2425761
1619129456.2793005
1619129461.4310205
1619129466.4162245
1619129471.2568865
1619129476.2940671
1619129500.3566191
1619129505.8906102
1619129511.0110097
1619129515.9109378
1619129520.4554539
1619129525.3289058
1619129529.8650498
1619129534.3140433
1619129538.489333
1619129542.5645218
1619129546.5849793
1619129550.7083347
1619129554.8024843
1619129558.9992638
1619129563.1621025
1619129567.6389892
1619129572.0782158
1619129576.3163137
1619129580.350789
1619129584.4912832
1619129588.5510952
1619129592.6088774
1619129596.6089869
1619129600.8313937
1619129604.9391158
1619129609.097816
1619129613.1719284
1619129617.3628922
1619129621.4211533
1619129625.5189412
1619129629.5627928
1619129633.7337525
1619129637.7775898
1619129641.8782513
1619129645.9106452
1619129650.0249746
1619129654.0351918
1619129658.0641437
1619129662.1201427
1619129666.2015903
1619129670.1417203
1619129674.1028445
1619129678.059315
1619129682.0616598
1619129685.958745
1619129689.8998058
1619129693.8561459
1619131287.7121248
1619131291.561045
1619131295.337498
1619275877.513491
1619276065.862888
1619276081.3233838
1619276303.5983946
1619276307.1985085
1619276311.0585163
1619276314.8539305
1619276318.6891139
1619276323.128119
1619276719.138266
1619276790.9707646
1619276805.7513754
1619276806.8151693
1619277014.7657065
1619277019.149511
1619277023.5772173
1619277027.8454444
1619277032.348865
1619277094.613272
1619277098.4111536
1619277102.552269
1619277106.7942634
1619277111.2605956
1619277236.9422112
1619277372.5345776
1619277385.156172
1619277631.8343153
1619277635.9875433
1619277640.0803664
1619277644.028365
1619277667.3599207
1619277671.2838159
1619277675.2274172
1619277679.1676238
1619277683.2388399
1619277687.167946
1619277691.1102743
1619277695.0623922
1619277699.1363318
1619277807.244127
1619277874.43714
1619277885.4317164
